HIS:
194, 168, 198, 197, 167, 192, 166, 185, 186, 193, 202, 187, 200, 179, 196, 190, 199, 201, 203, 205, 169, 172, 176, 182, 173,


RS:
1, 4, 5, 12, 13, 14, 15, 16, 17, 19, 20, 21, 22, 23, 24, 27, 28, 29, 31, 33, 34, 35, 38, 39, 41, 

HAM:
213, 216, 204, 206, 210, 207, 212, 205, 209, 215, 221, 203, 211, 229, 219, 231, 223, 227, 218, 235, 232, 226, 225, 234, 233, 

AP_BICC:
1, 2, 3, 4, 5, 6, 7, 8, 9, 10, 11, 12, 13, 14, 15, 16, 17, 18, 19, 20, 21, 22, 23, 24, 25, 

ABC:
15, 23, 12, 63, 69, 10, 25, 40, 54, 55, 87, 4, 5, 27, 38, 45, 78, 121, 128, 11, 22, 36, 74, 75, 97, 